Socket.IO server started at 192.168.4.26:8009!
Start
0.018 0.000 0.000 0.000
0.018 -0.200 -0.094 -0.000
0.018 -0.200 -0.094 -0.000
0.029 -0.200 -0.094 -0.000
0.039 -0.200 -0.094 -0.000
0.058 -0.200 -0.094 -0.000
0.110 -0.200 -0.094 -0.000
0.160 -0.200 -0.094 -0.000
0.202 -0.200 -0.094 -0.000
0.202 -0.200 -0.094 -0.000
0.249 -0.200 -0.094 -0.000
0.265 -0.200 -0.094 -0.000
0.265 -0.200 -0.094 -0.000
0.333 -0.200 -0.094 -0.000
0.333 -0.200 -0.094 -0.000
0.355 -0.200 -0.094 -0.000
0.391 -0.200 -0.094 -0.000
0.457 -0.200 -0.094 -0.000
0.537 -0.200 -0.094 -0.000
0.565 -0.200 -0.094 -0.000
0.630 -0.200 -0.094 -0.000
0.637 -0.200 -0.094 -0.000
0.637 -0.200 -0.094 -0.000
0.701 -0.200 -0.094 -0.000
0.732 -0.600 -0.844 0.000
0.751 -0.600 -0.844 0.000
0.751 -0.600 -0.844 0.000
0.775 -0.600 -0.844 0.000
0.775 -0.600 -0.844 0.000
0.775 -0.600 -0.844 0.000
0.775 -0.600 -0.844 0.000
0.775 -10.900 -13.969 0.000
0.775 -10.900 -13.969 0.000
0.775 -10.900 -13.969 0.000
0.775 -10.900 -13.969 0.000
0.775 -12.200 -15.937 -0.000
0.775 -16.000 -21.281 -0.000
0.775 -29.000 -41.719 0.000
0.775 -35.800 -57.750 -0.000
0.775 -35.800 -57.750 -0.000
0.775 -35.800 -57.750 -0.000
0.775 -35.800 -57.750 -0.000
0.775 -35.800 -57.750 -0.000
0.775 -39.200 -75.094 -0.000
0.775 -39.200 -77.344 0.000
0.775 -39.200 -77.344 0.000
0.775 -39.200 -77.344 0.000
0.775 -36.000 -88.687 -0.000
0.775 -36.000 -88.687 -0.000
0.775 -36.000 -88.687 -0.000
0.813 -36.000 -88.687 -0.000
0.831 -36.000 -88.687 -0.000
0.831 -31.800 -92.250 -0.000
0.831 -23.800 -94.031 0.000
0.831 -23.800 -94.031 0.000
0.831 -23.800 -94.031 0.000
0.850 -17.700 -93.750 -0.000
0.850 -17.700 -93.750 -0.000
0.859 -16.800 -93.469 0.000
0.881 -12.200 -91.781 -0.000
0.895 -12.200 -91.781 -0.000
0.946 -12.200 -91.781 -0.000
0.957 -7.800 -89.063 -0.000
0.957 -7.800 -89.063 -0.000
0.998 2.300 -71.812 0.000
0.998 2.300 -71.812 0.000
1.009 2.300 -71.812 0.000
1.029 2.300 -71.812 0.000
1.046 2.300 -71.812 0.000
1.067 2.300 -71.812 0.000
1.085 2.700 -60.562 -0.000
1.097 2.700 -41.344 -0.000
1.109 2.700 -41.344 -0.000
1.122 2.700 -41.344 -0.000
1.137 2.700 -41.344 -0.000
1.181 2.700 -41.344 -0.000
1.181 2.700 -41.344 -0.000
1.181 2.700 -41.344 -0.000
1.181 2.700 -41.344 -0.000
1.241 2.700 -41.344 -0.000
1.262 -9.800 -2.063 0.000
1.285 -17.600 0.375 0.000
1.297 -37.400 -9.281 0.000
1.324 -37.400 -9.281 0.000
1.362 -37.400 -9.281 0.000
1.365 -37.400 -9.281 0.000
1.365 -37.400 -9.281 0.000
1.365 -37.400 -9.281 0.000
1.440 -43.100 -17.531 0.000
1.466 -44.800 -57.094 0.000
1.466 -44.800 -57.094 0.000
1.491 -44.800 -57.094 0.000
1.511 -44.800 -57.094 0.000
1.529 -44.800 -57.094 0.000
1.549 -44.800 -57.094 0.000
1.563 -44.800 -57.094 0.000
1.578 -44.800 -57.094 0.000
1.578 -44.800 -57.094 0.000
1.578 -44.800 -57.094 0.000
1.626 -42.300 -66.000 0.000
1.659 -15.600 -91.687 0.000
1.681 -15.600 -91.687 0.000
1.692 -15.600 -91.687 0.000
1.713 -15.600 -91.687 0.000
1.725 -15.600 -91.687 0.000
1.744 -15.600 -91.687 0.000
1.774 -15.600 -91.687 0.000
1.774 -15.600 -91.687 0.000
1.841 -13.500 -91.781 -0.000
1.841 -13.500 -91.781 -0.000
1.869 -9.100 -91.031 0.000
1.923 13.200 -54.000 0.000
1.923 13.200 -54.000 0.000
1.946 13.200 -50.906 -0.000
1.960 10.400 -34.406 0.000
1.960 10.400 -34.406 0.000
1.980 -21.700 -21.375 0.000
1.980 -21.700 -21.375 0.000
1.980 -23.900 -23.063 -0.000
1.980 -23.900 -23.063 -0.000
1.980 -23.900 -23.063 -0.000
1.980 -23.900 -23.063 -0.000
1.980 -23.900 -23.063 -0.000
1.980 -23.900 -23.063 -0.000
1.980 -23.900 -23.063 -0.000
1.980 -23.900 -23.063 -0.000
1.980 -34.300 -40.125 0.000
1.980 -37.900 -70.781 -0.000
1.980 -37.900 -70.781 -0.000
1.980 -34.000 -85.406 0.000
1.980 -34.000 -85.406 0.000
1.980 -34.000 -85.406 0.000
1.980 -34.000 -85.406 0.000
1.980 -34.000 -85.406 0.000
1.980 -34.000 -85.406 0.000
1.980 -34.000 -85.406 0.000
1.980 -34.000 -85.406 0.000
1.980 -34.000 -85.406 0.000
1.980 -32.500 -88.594 0.000
1.980 -30.000 -91.875 -0.000
1.980 -26.400 -95.156 0.000
1.980 -1.500 -100.500 -0.000
1.980 10.600 -93.375 -0.000
1.980 15.600 -87.281 0.000
1.980 19.800 -76.969 0.000
1.980 20.900 -71.063 0.000
1.980 22.000 -64.406 0.000
1.980 22.000 -64.406 0.000
1.980 22.000 -64.406 0.000
1.980 22.000 -64.406 0.000
1.980 22.000 -64.406 0.000
1.980 22.000 -64.406 0.000
1.980 22.000 -64.406 0.000
1.980 22.000 -64.406 0.000
1.980 22.000 -64.406 0.000
1.980 22.000 -64.406 0.000
1.980 22.000 -64.406 0.000
1.980 22.000 -64.406 0.000
1.980 22.900 -42.281 0.000
1.980 22.900 -42.281 0.000
1.980 -0.100 0.469 -0.000
1.980 -11.700 -2.156 -0.000
1.980 -11.700 -2.156 -0.000
2.036 -11.700 -2.156 -0.000
2.043 -11.700 -2.156 -0.000
2.043 -11.700 -2.156 -0.000
2.043 -11.700 -2.156 -0.000
2.043 -11.700 -2.156 -0.000
2.043 -25.200 -13.031 0.000
2.048 -30.400 -21.375 0.000
2.066 -30.400 -21.375 0.000
2.105 -30.400 -21.375 0.000
2.105 -30.400 -21.375 0.000
2.105 -30.400 -21.375 0.000
2.134 -30.400 -21.375 0.000
2.228 -34.300 -48.000 -0.000
2.253 -12.200 -91.125 0.000
2.290 -12.200 -91.125 0.000
2.296 -12.200 -91.125 0.000
2.296 -12.200 -91.125 0.000
2.351 -12.200 -91.125 0.000
2.383 -12.200 -91.125 0.000
2.392 -12.200 -91.125 0.000
2.392 -12.200 -91.125 0.000
2.423 -7.100 -93.375 0.000
2.440 11.400 -92.531 0.000
2.455 22.900 -80.719 0.000
2.484 22.900 -69.750 0.000
2.484 22.900 -69.750 0.000
2.504 22.900 -69.750 0.000
2.516 22.900 -69.750 0.000
2.542 22.900 -69.750 0.000
2.542 22.900 -69.750 0.000
2.578 22.900 -69.750 0.000
2.596 22.900 -69.750 0.000
2.620 22.900 -69.750 0.000
2.639 22.900 -69.750 0.000
2.682 22.900 -64.406 -0.000
2.702 9.100 -7.875 -0.000
2.730 2.700 -5.625 -0.000
2.735 2.700 -5.625 -0.000
2.748 2.700 -5.625 -0.000
2.770 2.700 -5.625 -0.000
2.795 2.700 -5.625 -0.000
2.812 0.500 -4.875 -0.000
2.812 0.500 -4.875 -0.000
2.812 0.500 -4.875 -0.000
2.859 -10.800 -3.188 0.000
2.868 -35.500 -19.125 0.000
2.894 -35.500 -19.125 0.000
2.959 -35.500 -19.125 0.000
2.970 -35.500 -19.125 0.000
2.970 -35.500 -19.125 0.000
3.002 -36.700 -21.469 0.000
3.002 -36.700 -21.469 0.000
3.033 -41.400 -51.281 -0.000
3.054 -29.400 -81.188 0.000
3.074 -29.400 -81.188 0.000
3.074 -29.400 -81.188 0.000
3.132 -29.400 -81.188 0.000
3.132 -29.400 -81.188 0.000
3.132 -29.400 -81.188 0.000
3.176 -26.200 -84.375 0.000
3.188 1.500 -88.594 0.000
3.208 1.500 -88.594 0.000
3.226 1.500 -88.594 0.000
3.253 1.500 -88.594 0.000
3.261 1.500 -88.594 0.000
3.273 1.500 -88.594 0.000
3.273 1.500 -88.594 0.000
3.351 1.500 -88.594 0.000
3.372 16.800 -79.031 0.000
3.382 22.100 -38.812 0.000
3.405 22.100 -38.812 0.000
3.484 22.100 -38.812 0.000
3.495 22.000 -37.406 -0.000
3.522 18.500 -25.031 0.000
3.528 -4.100 -1.313 -0.000
3.528 -4.100 -1.313 -0.000
3.528 -4.100 -1.313 -0.000
3.528 -4.100 -1.313 -0.000
3.528 -4.100 -1.313 -0.000
3.528 -4.100 -1.313 -0.000
3.528 -4.100 -1.313 -0.000
3.528 -4.100 -1.313 -0.000
3.528 -4.100 -1.313 -0.000
3.528 -4.100 -1.313 -0.000
3.528 -4.100 -1.313 -0.000
3.528 -5.100 -1.219 -0.000
3.528 -5.100 -1.219 -0.000
3.528 -15.500 -2.906 -0.000
3.528 -26.200 -10.313 0.000
3.528 -34.000 -26.250 0.000
3.528 -34.000 -26.250 0.000
3.528 -34.000 -26.250 0.000
3.528 -34.000 -26.250 0.000
3.528 -34.000 -26.250 0.000
3.528 -34.000 -26.250 0.000
3.528 -31.800 -62.156 0.000
3.528 -31.800 -62.156 0.000
3.528 -31.800 -62.156 0.000
3.528 -31.800 -62.156 0.000
3.528 -31.800 -62.156 0.000
3.528 -31.800 -62.156 0.000
3.528 -31.800 -62.156 0.000
3.528 -31.800 -62.156 0.000
3.528 -31.800 -62.156 0.000
3.528 1.600 -100.406 -0.000
3.528 1.600 -100.406 -0.000
3.528 1.600 -100.406 -0.000
3.528 1.600 -100.406 -0.000
3.528 1.600 -100.406 -0.000
3.528 1.600 -100.406 -0.000
3.528 1.600 -100.406 -0.000
3.528 1.600 -100.406 -0.000
3.528 14.300 -82.125 -0.000
3.528 14.300 -82.125 -0.000
3.528 14.300 -82.125 -0.000
3.528 14.300 -82.125 -0.000
3.528 14.300 -82.125 -0.000
3.528 14.300 -82.125 -0.000
3.528 14.300 -82.125 -0.000
3.528 14.300 -82.125 -0.000
3.528 14.300 -82.125 -0.000
3.528 16.300 -62.625 0.000
3.528 12.400 -33.469 -0.000
3.528 5.600 -22.969 0.000
3.528 5.600 -22.969 0.000
3.528 5.600 -22.969 0.000
3.528 5.600 -22.969 0.000
3.528 5.600 -22.969 0.000
3.528 5.600 -22.969 0.000
3.528 1.000 -21.469 -0.000
3.528 -4.900 -21.000 -0.000
3.528 -4.900 -21.000 -0.000
3.528 -4.900 -21.000 -0.000
3.528 -4.900 -21.000 -0.000
3.528 -4.900 -21.000 -0.000
3.599 -4.900 -21.000 -0.000
3.611 -4.900 -21.000 -0.000
3.611 -4.900 -21.000 -0.000
3.619 -4.900 -21.000 -0.000
3.619 -4.900 -21.000 -0.000
3.619 -4.900 -21.000 -0.000
3.619 -8.200 -21.750 0.000
3.619 -8.200 -21.750 0.000
3.646 -8.200 -21.750 0.000
3.659 -8.200 -21.750 0.000
3.677 -8.200 -21.750 0.000
3.677 -8.200 -21.750 0.000
3.696 -8.200 -21.750 0.000
3.719 -8.200 -21.750 0.000
3.729 -8.200 -21.750 0.000
3.752 -8.200 -21.750 0.000
3.752 -8.200 -21.750 0.000
3.781 -8.200 -21.750 0.000
3.815 -8.200 -21.750 0.000
3.815 -8.200 -21.750 0.000
3.815 -8.200 -21.750 0.000
3.844 -8.200 -21.750 0.000
3.856 -8.200 -21.750 0.000
3.886 -8.200 -21.750 0.000
3.886 -8.200 -21.750 0.000
3.911 -8.200 -21.750 0.000
3.934 -8.200 -21.750 0.000
3.948 -8.200 -21.750 0.000
3.948 -8.200 -21.750 0.000
3.973 -8.200 -21.750 0.000
3.987 -8.200 -21.750 0.000
4.012 -8.200 -21.750 0.000
4.020 -8.200 -21.750 0.000
4.045 -8.200 -21.750 0.000
4.045 -8.200 -21.750 0.000
4.075 -8.200 -21.750 0.000
4.085 -8.200 -21.750 0.000
4.085 -8.200 -21.750 0.000
4.113 -8.200 -21.750 0.000
4.139 -8.200 -21.750 0.000
4.150 -8.200 -21.750 0.000
4.169 -8.200 -21.750 0.000
4.181 -8.200 -21.750 0.000
4.192 -8.200 -21.750 0.000
4.209 -8.200 -21.750 0.000
4.231 -8.200 -21.750 0.000
4.245 -8.200 -21.750 0.000
4.269 -8.200 -21.750 0.000
4.278 -8.200 -21.750 0.000
4.294 -8.200 -21.750 0.000
4.305 -8.200 -21.750 0.000
4.305 -8.200 -21.750 0.000
4.337 -8.200 -21.750 0.000
4.337 -8.200 -21.750 0.000
4.378 -8.200 -21.750 0.000
4.385 -8.200 -21.750 0.000
4.385 -8.200 -21.750 0.000
4.425 -8.200 -21.750 0.000
4.425 -8.200 -21.750 0.000
4.447 -8.200 -21.750 0.000
4.470 -8.200 -21.750 0.000
4.486 -8.200 -21.750 0.000
4.522 -8.200 -21.750 0.000
4.522 -8.200 -21.750 0.000
4.579 -8.200 -21.750 0.000
4.586 -8.200 -21.750 0.000
4.599 -8.200 -21.750 0.000
4.599 -8.200 -21.750 0.000
4.599 -8.200 -21.750 0.000
4.655 -8.200 -21.938 0.000
4.666 -9.900 -25.875 0.000
4.698 -9.900 -25.875 0.000
4.740 -9.900 -25.875 0.000
4.745 -9.900 -25.875 0.000
4.745 -9.900 -25.875 0.000
4.768 -9.900 -25.875 0.000
4.793 -9.900 -25.875 0.000
4.809 -9.900 -25.875 0.000
4.822 -9.900 -25.875 0.000
4.836 -16.900 -37.219 -0.000
4.868 -36.100 -63.188 0.000
4.868 -36.100 -63.188 0.000
4.889 -39.700 -67.406 0.000
4.896 -43.700 -74.625 -0.000
4.919 -43.700 -74.625 -0.000
4.919 -43.700 -74.625 -0.000
4.919 -43.700 -74.625 -0.000
4.919 -43.700 -74.625 -0.000
4.996 -43.700 -74.625 -0.000
5.001 -44.500 -78.000 0.000
5.001 -44.500 -78.000 0.000
5.042 -44.400 -78.469 -0.000
5.066 -44.400 -78.469 -0.000
5.066 -44.400 -78.469 -0.000
5.096 -44.400 -78.469 -0.000
5.113 -44.400 -78.469 -0.000
5.130 -44.400 -78.469 -0.000
5.130 -44.400 -78.469 -0.000
5.154 -44.400 -78.469 -0.000
5.177 -44.400 -78.469 -0.000
5.204 -44.400 -78.469 -0.000
5.225 -43.100 -79.781 0.000
5.244 -37.900 -81.281 0.000
5.259 -29.600 -79.031 -0.000
5.259 -29.600 -79.031 -0.000
5.287 -16.500 -61.594 0.000
5.306 -16.500 -61.594 0.000
5.324 -16.500 -61.594 0.000
5.324 -16.500 -61.594 0.000
5.344 -16.500 -61.594 0.000
5.362 -16.500 -61.594 0.000
5.408 -16.500 -61.594 0.000
5.428 -15.600 -58.687 -0.000
5.444 -13.900 -52.688 0.000
5.460 -11.900 -41.531 -0.000
5.492 -10.400 -19.406 -0.000
5.492 -10.400 -19.406 -0.000
5.508 -10.400 -19.406 -0.000
5.530 -10.400 -19.406 -0.000
5.551 -10.400 -19.406 -0.000
5.559 -10.400 -19.406 -0.000
5.610 -10.400 -19.406 -0.000
5.623 -10.900 -16.312 -0.000
5.656 -14.400 -7.406 0.000
5.656 -14.400 -7.406 0.000
5.671 -17.100 -4.125 0.000
5.690 -17.400 -3.750 0.000
5.726 -17.400 -3.750 0.000
5.726 -17.400 -3.750 0.000
5.750 -17.400 -3.750 0.000
5.773 -17.400 -3.750 0.000
5.773 -17.400 -3.750 0.000
5.829 -17.900 -3.094 0.000
5.854 -25.000 1.969 0.000
5.854 -25.000 1.969 0.000
5.854 -25.000 1.969 0.000
5.903 -25.000 1.969 0.000
5.931 -25.000 1.969 0.000
5.944 -25.000 1.969 0.000
5.961 -25.000 1.969 0.000
6.014 -25.300 2.156 -0.000
6.027 -25.600 2.250 -0.000
6.045 -25.600 2.250 -0.000
6.061 -26.000 2.344 -0.000
6.061 -26.000 2.344 -0.000
6.092 -27.400 2.719 -0.000
6.102 -31.100 -0.188 0.000
6.102 -31.100 -0.188 0.000
6.131 -32.300 -3.750 -0.000
6.153 -32.700 -32.813 0.000
6.168 -32.700 -32.813 0.000
6.179 -32.700 -32.813 0.000
6.199 -32.700 -32.813 0.000
6.199 -32.700 -32.813 0.000
6.254 -32.700 -32.813 0.000
6.261 -31.400 -37.406 0.000
6.286 -30.500 -39.187 0.000
6.303 -25.400 -45.937 0.000
6.337 -25.400 -45.937 0.000
6.347 -25.400 -45.937 0.000
6.347 -25.400 -45.937 0.000
6.368 -25.400 -45.937 0.000
6.387 -25.400 -45.937 0.000
6.387 -25.400 -45.937 0.000
6.423 -25.400 -45.937 0.000
Stop
